0 0.5703125 0.2765625 0.046875 0.0515625
0 0.621875 0.4 0.0703125 0.0703125
0 0.715625 0.7484375 0.0359375 0.1296875
0 0.5125 0.5671875 0.03125 0.0328125
0 0.48125 0.6 0.0390625 0.040625
0 0.5234375 0.6671875 0.0390625 0.0421875
0 0.490625 0.7484375 0.015625 0.0171875
0 0.475 0.7578125 0.0140625 0.015625
0 0.475 0.7265625 0.0140625 0.015625
0 0.475 0.778125 0.015625 0.01875
0 0.4890625 0.78125 0.0140625 0.0171875
0 0.4875 0.73125 0.0125 0.0140625
1 0.521875 0.634375 0.0203125 0.015625
1 0.49375 0.6625 0.0203125 0.0109375
1 0.534375 0.69375 0.021875 0.028125
1 0.68125 0.4 0.05 0.0203125