0 0.9796875 0.5828125 0.0390625 0.0828125
0 0.7875 0.6671875 0.125 0.1203125
0 0.4390625 0.4265625 0.0640625 0.0640625
0 0.334375 0.49375 0.0640625 0.0625
0 0.4890625 0.4765625 0.0546875 0.0546875
0 0.20625 0.440625 0.0265625 0.0234375
0 0.190625 0.415625 0.0234375 0.021875
0 0.1609375 0.4171875 0.0265625 0.0234375
0 0.1578125 0.440625 0.0265625 0.021875
0 0.234375 0.415625 0.0203125 0.021875
0 0.2296875 0.4359375 0.021875 0.0203125
1 0.29375 0.5109375 0.04375 0.0359375
1 0.3390625 0.446875 0.0140625 0.03125
1 0.3796875 0.49375 0.0140625 0.0328125
1 0.3328125 0.378125 0.021875 0.0390625