0 0.303125 0.5921875 0.1140625 0.109375
0 0.9171875 0.640625 0.05625 0.046875
0 0.8015625 0.634375 0.05 0.04375
0 0.6921875 0.6296875 0.04375 0.0421875
0 0.24375 0.4921875 0.0921875 0.0875
0 0.4015625 0.6125 0.0375 0.0375
0 0.690625 0.5328125 0.0265625 0.0265625
0 0.6484375 0.5109375 0.028125 0.0265625
0 0.7265625 0.5109375 0.028125 0.0234375
0 0.640625 0.534375 0.021875 0.0265625
1 0.3359375 0.440625 0.0671875 0.0640625
1 0.446875 0.5421875 0.0625 0.0703125
1 0.56875 0.546875 0.0703125 0.0375
1 0.4328125 0.378125 0.0875 0.0359375
1 0.209375 0.39375 0.075 0.0421875
1 0.3265625 0.696875 0.0484375 0.09375
1 0.578125 0.4171875 0.04375 0.0703125
1 0.515625 0.44375 0.0640625 0.0609375
1 0.44375 0.628125 0.025 0.05625
1 0.2984375 0.66875 0.025 0.046875
1 0.546875 0.4125 0.03125 0.0296875