0 0.2703125 0.4125 0.1078125 0.103125
1 0.29375 0.5546875 0.0734375 0.0640625
1 0.196875 0.5953125 0.0609375 0.040625
1 0.2828125 0.3140625 0.0515625 0.084375
1 0.3203125 0.340625 0.028125 0.0453125
1 0.3984375 0.4578125 0.046875 0.065625
1 0.3796875 0.6171875 0.084375 0.0296875
1 0.4765625 0.55625 0.053125 0.0578125
1 0.54375 0.58125 0.0421875 0.065625
1 0.5484375 0.453125 0.0671875 0.0359375
1 0.4546875 0.3734375 0.03125 0.0546875
0 0.2484375 0.509375 0.0875 0.0859375
0 0.7390625 0.465625 0.028125 0.028125
0 0.7515625 0.490625 0.0265625 0.025
0 0.8359375 0.4921875 0.03125 0.0265625