0 0.409375 0.7109375 0.10625 0.1109375
0 0.353125 0.040625 0.0484375 0.059375
0 0.36875 0.2765625 0.0421875 0.0453125
0 0.50625 0.75625 0.0828125 0.0859375
0 0.3609375 0.1640625 0.0453125 0.053125
0 0.4890625 0.309375 0.025 0.028125
0 0.465625 0.3203125 0.028125 0.025
0 0.465625 0.2671875 0.0265625 0.0203125
0 0.4890625 0.2234375 0.021875 0.0171875
0 0.3875 0.5734375 0.034375 0.021875
1 0.6015625 0.7953125 0.040625 0.06875
1 0.55625 0.4984375 0.059375 0.0609375
1 0.6203125 0.5875 0.034375 0.0875
1 0.453125 0.4375 0.0359375 0.0703125
1 0.371875 0.5546875 0.0578125 0.0359375
1 0.309375 0.690625 0.0953125 0.05
1 0.58125 0.4328125 0.0703125 0.0421875
1 0.4578125 0.571875 0.06875 0.05625
1 0.5578125 0.68125 0.065625 0.0703125