0 0.50625 0.6140625 0.0375 0.0390625
0 0.4859375 0.4671875 0.0328125 0.034375
0 0.4890625 0.1796875 0.053125 0.059375
0 0.5640625 0.209375 0.0578125 0.0625
1 0.225 0.39375 0.0109375 0.040625
1 0.225 0.315625 0.0109375 0.03125
1 0.5140625 0.4671875 0.025 0.0109375
1 0.2234375 0.1515625 0.0078125 0.234375
1 0.2234375 0.590625 0.0078125 0.121875
1 0.2234375 0.459375 0.009375 0.0390625
0 0.534375 0.3671875 0.0484375 0.0453125
0 0.5125 0.3046875 0.05625 0.059375
0 0.515625 0.25 0.046875 0.046875
0 0.46875 0.3265625 0.0484375 0.046875