0 0.303125 0.4078125 0.1140625 0.109375
0 0.9171875 0.359375 0.05625 0.046875
0 0.8015625 0.365625 0.05 0.04375
0 0.6921875 0.3703125 0.04375 0.0421875
0 0.24375 0.5078125 0.0921875 0.0875
0 0.4015625 0.3875 0.0375 0.0375
0 0.690625 0.4671875 0.0265625 0.0265625
0 0.6484375 0.4890625 0.028125 0.0265625
0 0.7265625 0.4890625 0.028125 0.0234375
0 0.640625 0.465625 0.021875 0.0265625
1 0.3359375 0.559375 0.0671875 0.0640625
1 0.446875 0.4578125 0.0625 0.0703125
1 0.56875 0.453125 0.0703125 0.0375
1 0.4328125 0.621875 0.0875 0.0359375
1 0.209375 0.60625 0.075 0.0421875
1 0.3265625 0.303125 0.0484375 0.09375
1 0.578125 0.5828125 0.04375 0.0703125
1 0.515625 0.55625 0.0640625 0.0609375
1 0.44375 0.371875 0.025 0.05625
1 0.2984375 0.33125 0.025 0.046875
1 0.546875 0.5875 0.03125 0.0296875