0 0.2890625 0.409375 0.1109375 0.10625
0 0.959375 0.353125 0.059375 0.0484375
0 0.7234375 0.36875 0.0453125 0.0421875
0 0.24375 0.50625 0.0859375 0.0828125
0 0.8359375 0.3609375 0.053125 0.0453125
0 0.690625 0.4890625 0.028125 0.025
0 0.6796875 0.465625 0.025 0.028125
0 0.7328125 0.465625 0.0203125 0.0265625
0 0.7765625 0.4890625 0.0171875 0.021875
0 0.4265625 0.3875 0.021875 0.034375
1 0.2046875 0.6015625 0.06875 0.040625
1 0.5015625 0.55625 0.0609375 0.059375
1 0.4125 0.6203125 0.0875 0.034375
1 0.5625 0.453125 0.0703125 0.0359375
1 0.4453125 0.371875 0.0359375 0.0578125
1 0.309375 0.309375 0.05 0.0953125
1 0.5671875 0.58125 0.0421875 0.0703125
1 0.428125 0.4578125 0.05625 0.06875
1 0.31875 0.5578125 0.0703125 0.065625