0 0.7203125 0.628125 0.0453125 0.040625
0 0.8234375 0.63125 0.0484375 0.0421875
0 0.346875 0.596875 0.11875 0.115625
0 0.621875 0.625 0.0421875 0.0390625
0 0.25 0.490625 0.103125 0.096875
0 0.621875 0.5125 0.0265625 0.021875
1 0.5 0.5421875 0.0734375 0.0703125
1 0.2375 0.3828125 0.0890625 0.0421875
1 0.3890625 0.4359375 0.0546875 0.06875
1 0.49375 0.375 0.0796875 0.040625
1 0.384375 0.70625 0.04375 0.0984375
1 0.5890625 0.5484375 0.0625 0.034375
1 0.5546875 0.44375 0.071875 0.0609375
1 0.6078125 0.41875 0.0421875 0.0703125
1 0.428125 0.6328125 0.0265625 0.0578125
1 0.2796875 0.678125 0.025 0.0515625