0 0.4125 0.7296875 0.103125 0.10625
0 0.3640625 0.234375 0.046875 0.05
0 0.3546875 0.115625 0.0484375 0.0578125
0 0.50625 0.7515625 0.0828125 0.0890625
0 0.4890625 0.159375 0.021875 0.025
0 0.4875 0.25 0.025 0.028125
0 0.465625 0.2625 0.028125 0.0265625
0 0.346875 0.0078125 0.0453125 0.0140625
1 0.5546875 0.70625 0.0625 0.0734375
1 0.4578125 0.6015625 0.0671875 0.046875
1 0.5546875 0.525 0.0578125 0.053125
1 0.5953125 0.803125 0.0390625 0.0609375
1 0.58125 0.45625 0.06875 0.0421875
1 0.4578125 0.4515625 0.05 0.0671875
1 0.615625 0.621875 0.03125 0.0859375
1 0.3140625 0.7171875 0.084375 0.05
1 0.340625 0.6796875 0.04375 0.028125
1 0.3734375 0.5453125 0.0546875 0.028125