0 0.2703125 0.4125 0.10625 0.103125
0 0.765625 0.3640625 0.05 0.046875
0 0.884375 0.3546875 0.0578125 0.0484375
0 0.2484375 0.50625 0.0890625 0.0828125
0 0.840625 0.4890625 0.025 0.021875
0 0.75 0.4875 0.028125 0.025
0 0.7375 0.465625 0.0265625 0.028125
0 0.9921875 0.346875 0.0140625 0.0453125
1 0.29375 0.5546875 0.0734375 0.0625
1 0.3984375 0.4578125 0.046875 0.0671875
1 0.475 0.5546875 0.053125 0.0578125
1 0.196875 0.5953125 0.0609375 0.0390625
1 0.54375 0.58125 0.0421875 0.06875
1 0.5484375 0.4578125 0.0671875 0.05
1 0.378125 0.615625 0.0859375 0.03125
1 0.2828125 0.3140625 0.05 0.084375
1 0.3203125 0.340625 0.028125 0.04375
1 0.4546875 0.3734375 0.028125 0.0546875