0 0.2796875 0.4109375 0.1078125 0.1046875
0 0.74375 0.365625 0.0484375 0.04375
0 0.859375 0.359375 0.0546875 0.0453125
0 0.2484375 0.50625 0.090625 0.084375
0 0.9765625 0.3484375 0.04375 0.0515625
0 0.71875 0.4890625 0.028125 0.0234375
0 0.80625 0.4890625 0.0203125 0.0203125
0 0.70625 0.465625 0.025 0.0265625
0 0.7609375 0.465625 0.021875 0.028125
1 0.3078125 0.55625 0.071875 0.0625
1 0.4140625 0.4578125 0.053125 0.06875
1 0.2015625 0.5984375 0.0640625 0.040625
1 0.490625 0.5546875 0.0578125 0.059375
1 0.55625 0.4515625 0.06875 0.0359375
1 0.396875 0.6171875 0.0875 0.0328125
1 0.4515625 0.371875 0.03125 0.0546875
1 0.2984375 0.309375 0.05625 0.0890625
1 0.55625 0.58125 0.04375 0.06875
1 0.496875 0.465625 0.0359375 0.046875