0 0.7296875 0.5875 0.1078125 0.103125
1 0.70625 0.4453125 0.0734375 0.0640625
1 0.803125 0.4046875 0.0609375 0.040625
1 0.7171875 0.6859375 0.0515625 0.084375
1 0.6796875 0.659375 0.028125 0.0453125
1 0.6015625 0.5421875 0.046875 0.065625
1 0.6203125 0.3828125 0.084375 0.0296875
1 0.5234375 0.44375 0.053125 0.0578125
1 0.45625 0.41875 0.0421875 0.065625
1 0.4515625 0.546875 0.0671875 0.0359375
1 0.5453125 0.6265625 0.03125 0.0546875
0 0.7515625 0.490625 0.0875 0.0859375
0 0.2609375 0.534375 0.028125 0.028125
0 0.2484375 0.509375 0.0265625 0.025
0 0.1640625 0.5078125 0.03125 0.0265625