0 0.3859375 0.50625 0.0390625 0.0375
0 0.5328125 0.4859375 0.034375 0.0328125
0 0.8203125 0.4890625 0.059375 0.053125
0 0.790625 0.5640625 0.0625 0.0578125
1 0.60625 0.225 0.040625 0.0109375
1 0.684375 0.225 0.03125 0.0109375
1 0.5328125 0.5140625 0.0109375 0.025
1 0.8484375 0.2234375 0.234375 0.0078125
1 0.409375 0.2234375 0.121875 0.0078125
1 0.540625 0.2234375 0.0390625 0.009375
0 0.6328125 0.534375 0.0453125 0.0484375
0 0.6953125 0.5125 0.059375 0.05625
0 0.75 0.515625 0.046875 0.046875
0 0.6734375 0.46875 0.046875 0.0484375