0 0.2765625 0.64765625 0.0515625 0.10078125
0 0.4 0.75859375 0.07109375 0.153125
0 0.74765625 0.959375 0.1296875 0.08125
0 0.56796875 0.52421875 0.03359375 0.06953125
0 0.60078125 0.45859375 0.040625 0.0859375
0 0.6671875 0.54765625 0.04296875 0.0859375
0 0.74765625 0.47734375 0.01796875 0.03359375
0 0.7578125 0.44375 0.01640625 0.03125
0 0.7265625 0.44453125 0.01640625 0.03046875
0 0.778125 0.4453125 0.01875 0.03515625
0 0.78046875 0.47578125 0.0171875 0.03046875
0 0.73125 0.471875 0.0140625 0.028125
1 0.634375 0.546875 0.01640625 0.0453125
1 0.66328125 0.48671875 0.01171875 0.04453125
1 0.69296875 0.571875 0.02890625 0.0484375
1 0.40078125 0.8859375 0.0203125 0.109375