0 0.0203125 0.67578125 0.03984375 0.1796875
0 0.21328125 0.85546875 0.1265625 0.259375
0 0.56171875 0.33984375 0.06484375 0.1390625
0 0.665625 0.484375 0.06484375 0.13515625
0 0.5109375 0.45 0.05625 0.11953125
0 0.79453125 0.37109375 0.0265625 0.0515625
0 0.81015625 0.31875 0.02421875 0.0484375
0 0.83828125 0.32109375 0.02734375 0.053125
0 0.84140625 0.371875 0.0265625 0.04765625
0 0.76640625 0.31953125 0.02109375 0.0484375
0 0.7703125 0.3625 0.0234375 0.046875
1 0.70625 0.52265625 0.04375 0.078125
1 0.66171875 0.38515625 0.015625 0.0671875
1 0.6203125 0.484375 0.01484375 0.07265625
1 0.6671875 0.2375 0.021875 0.08671875