0 0.26953125 0.34375 0.10859375 0.184375
1 0.29453125 0.596875 0.07421875 0.1140625
1 0.19765625 0.66953125 0.06171875 0.07421875
1 0.2828125 0.16953125 0.05234375 0.15078125
1 0.3203125 0.2171875 0.028125 0.0828125
1 0.3984375 0.4265625 0.0484375 0.11953125
1 0.3796875 0.70703125 0.08515625 0.05546875
1 0.4765625 0.59921875 0.0546875 0.1046875
1 0.54453125 0.6453125 0.04375 0.11953125
1 0.5484375 0.415625 0.06796875 0.065625
1 0.4546875 0.2765625 0.03203125 0.09921875
0 0.24921875 0.5171875 0.08828125 0.153125
0 0.73984375 0.4390625 0.02890625 0.05
0 0.7515625 0.48359375 0.028125 0.04609375
0 0.8359375 0.484375 0.03203125 0.04921875