0 0.3859375 0.5109375 0.03984375 0.06796875
0 0.53359375 0.475 0.03515625 0.0609375
0 0.81953125 0.48046875 0.06015625 0.09453125
0 0.78984375 0.61484375 0.06328125 0.103125
1 0.60625 0.01015625 0.04140625 0.0203125
1 0.68515625 0.01015625 0.0328125 0.0203125
1 0.5328125 0.52578125 0.0109375 0.046875
1 0.84921875 0.0078125 0.23515625 0.015625
1 0.409375 0.0078125 0.12265625 0.015625
1 0.5390625 0.00859375 0.040625 0.0171875
0 0.6328125 0.5609375 0.046875 0.0875
0 0.6953125 0.5234375 0.059375 0.10078125
0 0.75078125 0.528125 0.04765625 0.084375
0 0.6734375 0.44609375 0.04765625 0.08671875