0 0.30234375 0.33671875 0.1140625 0.1951171875
0 0.9171875 0.2484375 0.0564453125 0.084375
0 0.80078125 0.26015625 0.0513671875 0.0796875
0 0.6921875 0.2703125 0.0439453125 0.0751953125
0 0.24296875 0.51328125 0.0923828125 0.1576171875
0 0.4015625 0.30078125 0.0376953125 0.0669921875
0 0.690625 0.440625 0.0279296875 0.049609375
0 0.6484375 0.48125 0.028125 0.046875
0 0.72734375 0.48125 0.028125 0.0435546875
0 0.64140625 0.4390625 0.0232421875 0.0498046875
1 0.3359375 0.60625 0.066015625 0.115625
1 0.446875 0.42578125 0.0625 0.1263671875
1 0.56875 0.41640625 0.0716796875 0.0669921875
1 0.43203125 0.7171875 0.0875 0.065625
1 0.20859375 0.68828125 0.075 0.075
1 0.32578125 0.14921875 0.0486328125 0.1669921875
1 0.578125 0.646875 0.04375 0.125390625
1 0.51484375 0.59921875 0.0642578125 0.1080078125
1 0.44453125 0.2734375 0.0263671875 0.1
1 0.29921875 0.20078125 0.025 0.0830078125
1 0.54765625 0.6546875 0.03125 0.0533203125