0 0.26953125 0.34453125 0.10703125 0.18359375
0 0.76484375 0.25859375 0.05 0.08359375
0 0.88515625 0.2421875 0.05859375 0.0859375
0 0.2484375 0.5125 0.08984375 0.14921875
0 0.83984375 0.48046875 0.025 0.040625
0 0.75 0.47890625 0.02890625 0.0453125
0 0.7375 0.43828125 0.02734375 0.05
0 0.9921875 0.22734375 0.0140625 0.08046875
1 0.29453125 0.596875 0.07421875 0.11171875
1 0.39765625 0.42578125 0.046875 0.12109375
1 0.47578125 0.596875 0.05390625 0.1046875
1 0.196875 0.66953125 0.0609375 0.07109375
1 0.54375 0.64375 0.04296875 0.12421875
1 0.5484375 0.42578125 0.06875 0.08984375
1 0.378125 0.70546875 0.08671875 0.05625
1 0.2828125 0.1703125 0.05078125 0.15078125
1 0.3203125 0.215625 0.028125 0.0796875
1 0.4546875 0.27578125 0.0296875 0.09765625