0 0.79375 0.27109375 0.0470703125 0.0736328125
0 0.2484375 0.51796875 0.0935546875 0.1765625
0 0.36484375 0.3265625 0.1201171875 0.209375
0 0.69453125 0.27421875 0.0453125 0.0734375
0 0.59765625 0.278125 0.0421875 0.0689453125
0 0.590625 0.4828125 0.0251953125 0.046875
0 0.196875 0.57578125 0.0341796875 0.05625
1 0.40859375 0.6140625 0.05 0.122265625
1 0.5125 0.72421875 0.075390625 0.0736328125
1 0.5171875 0.42421875 0.077734375 0.1263671875
1 0.24921875 0.71328125 0.09375 0.0765625
1 0.59375 0.41484375 0.0623046875 0.0609375
1 0.615625 0.64375 0.0408203125 0.125390625
1 0.565625 0.60078125 0.074609375 0.1107421875
1 0.4046875 0.13046875 0.0408203125 0.1765625
1 0.27421875 0.17890625 0.0298828125 0.0923828125