0 0.28984375 0.3390625 0.11171875 0.18984375
0 0.96015625 0.23828125 0.06015625 0.08828125
0 0.7234375 0.26640625 0.04609375 0.0765625
0 0.24375 0.5109375 0.0859375 0.14921875
0 0.83671875 0.253125 0.05390625 0.08046875
0 0.690625 0.48125 0.028125 0.0453125
0 0.6796875 0.43984375 0.02578125 0.05
0 0.7328125 0.4390625 0.02109375 0.0484375
0 0.77734375 0.48046875 0.01796875 0.0390625
0 0.42578125 0.29921875 0.021875 0.0609375
1 0.20390625 0.68125 0.06875 0.07421875
1 0.5015625 0.59921875 0.0609375 0.10703125
1 0.41171875 0.71328125 0.08828125 0.06328125
1 0.56328125 0.415625 0.07109375 0.065625
1 0.4453125 0.2734375 0.0359375 0.10390625
1 0.30859375 0.1609375 0.05078125 0.1703125
1 0.5671875 0.64609375 0.04296875 0.1265625
1 0.42890625 0.42578125 0.05625 0.12421875
1 0.31953125 0.603125 0.0703125 0.11640625