0 0.26953125 0.34375 0.1080078125 0.184375
1 0.29453125 0.596875 0.0736328125 0.112890625
1 0.19765625 0.66953125 0.0611328125 0.0736328125
1 0.2828125 0.16953125 0.0529296875 0.1513671875
1 0.3203125 0.2171875 0.028125 0.083984375
1 0.3984375 0.4265625 0.047265625 0.1189453125
1 0.3796875 0.70703125 0.0845703125 0.0548828125
1 0.4765625 0.59921875 0.053515625 0.1046875
1 0.54453125 0.6453125 0.04375 0.1189453125
1 0.5484375 0.415625 0.0685546875 0.065625
1 0.4546875 0.2765625 0.0314453125 0.0998046875
0 0.24921875 0.5171875 0.0888671875 0.153125
0 0.73984375 0.4390625 0.0294921875 0.05
0 0.7515625 0.48359375 0.028125 0.0455078125
0 0.8359375 0.484375 0.0314453125 0.0498046875