0 0.28984375 0.3390625 0.1111328125 0.1904296875
0 0.96015625 0.23828125 0.0607421875 0.0888671875
0 0.7234375 0.26640625 0.0466796875 0.0765625
0 0.24375 0.5109375 0.087109375 0.1498046875
0 0.83671875 0.253125 0.0544921875 0.0810546875
0 0.690625 0.48125 0.028125 0.044140625
0 0.6796875 0.43984375 0.0251953125 0.05
0 0.7328125 0.4390625 0.0216796875 0.047265625
0 0.77734375 0.48046875 0.0173828125 0.0390625
0 0.42578125 0.29921875 0.021875 0.0609375
1 0.20390625 0.68125 0.06875 0.0748046875
1 0.5015625 0.59921875 0.059765625 0.1076171875
1 0.41171875 0.71328125 0.0888671875 0.0638671875
1 0.56328125 0.415625 0.0705078125 0.065625
1 0.4453125 0.2734375 0.034765625 0.1033203125
1 0.30859375 0.1609375 0.0513671875 0.171484375
1 0.5671875 0.64609375 0.0435546875 0.1265625
1 0.42890625 0.42578125 0.05625 0.1236328125
1 0.31953125 0.603125 0.0703125 0.1158203125