0 0.26953125 0.34453125 0.1076171875 0.1830078125
0 0.76484375 0.25859375 0.05 0.0830078125
0 0.88515625 0.2421875 0.0580078125 0.084765625
0 0.2484375 0.5125 0.0904296875 0.1498046875
0 0.83984375 0.48046875 0.025 0.040625
0 0.75 0.47890625 0.0283203125 0.0453125
0 0.7375 0.43828125 0.0279296875 0.05
0 0.9921875 0.22734375 0.015234375 0.0798828125
1 0.29453125 0.596875 0.0736328125 0.1123046875
1 0.39765625 0.42578125 0.046875 0.1205078125
1 0.47578125 0.596875 0.0544921875 0.105859375
1 0.196875 0.66953125 0.062109375 0.0705078125
1 0.54375 0.64375 0.0435546875 0.1248046875
1 0.5484375 0.42578125 0.06875 0.0892578125
1 0.378125 0.70546875 0.0873046875 0.05625
1 0.2828125 0.1703125 0.0501953125 0.1501953125
1 0.3203125 0.215625 0.028125 0.080859375
1 0.4546875 0.27578125 0.028515625 0.0982421875