0 0.7203125 0.271875 0.0466796875 0.074609375
0 0.82265625 0.265625 0.0486328125 0.0751953125
0 0.34765625 0.328125 0.11875 0.20625
0 0.62109375 0.2765625 0.0423828125 0.0716796875
0 0.25078125 0.51796875 0.1044921875 0.1736328125
0 0.62265625 0.47890625 0.0267578125 0.0390625
1 0.50078125 0.42421875 0.0734375 0.1265625
1 0.23671875 0.70859375 0.0892578125 0.0765625
1 0.38984375 0.6140625 0.0548828125 0.121875
1 0.49296875 0.7234375 0.0798828125 0.072265625
1 0.384375 0.13203125 0.0439453125 0.1763671875
1 0.58984375 0.4140625 0.0625 0.059765625
1 0.5546875 0.60078125 0.071875 0.109375
1 0.6078125 0.64453125 0.041015625 0.125
1 0.42734375 0.2640625 0.0267578125 0.1033203125
1 0.2796875 0.1828125 0.0251953125 0.0908203125