0 0.28046875 0.34140625 0.10859375 0.1859375
0 0.74296875 0.26171875 0.0484375 0.0796875
0 0.859375 0.2484375 0.05546875 0.08203125
0 0.24765625 0.51171875 0.0921875 0.15
0 0.97734375 0.23046875 0.04375 0.09296875
0 0.71796875 0.48046875 0.028125 0.04375
0 0.80546875 0.48046875 0.02109375 0.03828125
0 0.70703125 0.4375 0.02578125 0.04921875
0 0.7609375 0.4390625 0.02265625 0.05
1 0.3078125 0.5984375 0.071875 0.11171875
1 0.41484375 0.425 0.053125 0.121875
1 0.2015625 0.67578125 0.06484375 0.07421875
1 0.48984375 0.596875 0.0578125 0.10703125
1 0.55703125 0.4140625 0.06953125 0.065625
1 0.39609375 0.70859375 0.0875 0.06015625
1 0.45078125 0.27265625 0.03125 0.09921875
1 0.29921875 0.1625 0.05703125 0.16015625
1 0.55625 0.64453125 0.04453125 0.12421875
1 0.496875 0.43984375 0.03671875 0.08359375