0 0.79375 0.27109375 0.04765625 0.07421875
0 0.2484375 0.51796875 0.09296875 0.1765625
0 0.36484375 0.3265625 0.11953125 0.209375
0 0.69453125 0.27421875 0.0453125 0.0734375
0 0.59765625 0.278125 0.0421875 0.06953125
0 0.590625 0.4828125 0.02578125 0.046875
0 0.196875 0.57578125 0.03359375 0.05625
1 0.40859375 0.6140625 0.05 0.1234375
1 0.5125 0.72421875 0.0765625 0.07421875
1 0.5171875 0.42421875 0.0765625 0.12578125
1 0.24921875 0.71328125 0.09375 0.0765625
1 0.59375 0.41484375 0.06171875 0.0609375
1 0.615625 0.64375 0.04140625 0.1265625
1 0.565625 0.60078125 0.0734375 0.11015625
1 0.4046875 0.13046875 0.04140625 0.1765625
1 0.27421875 0.17890625 0.03046875 0.09296875