0 0.2875 0.39453125 0.2171875 0.27109375
0 0.871875 0.32109375 0.0796875 0.0921875
0 0.134375 0.6421875 0.1859375 0.21953125
0 0.82890625 0.53828125 0.0421875 0.05859375
0 0.89296875 0.59296875 0.0515625 0.05546875
0 0.75703125 0.59296875 0.046875 0.05703125
1 0.74921875 0.5125 0.12890625 0.09296875
1 0.5671875 0.5234375 0.1265625 0.16953125
1 0.67734375 0.753125 0.12734375 0.140625
1 0.7828125 0.8140625 0.078125 0.165625
1 0.68984375 0.82421875 0.07109375 0.0671875
1 0.5484375 0.91953125 0.153125 0.09765625
1 0.36171875 0.76640625 0.10703125 0.1546875
1 0.0921875 0.8890625 0.15625 0.096875
1 0.47578125 0.31015625 0.05078125 0.13671875
1 0.34765625 0.13984375 0.08515625 0.2203125
1 0.203125 0.20078125 0.0421875 0.11015625
2 0.1796875 0.1203125 0.02421875 0.1546875
2 0.071875 0.175 0.021875 0.14375
2 0.21796875 0.51015625 0.08515625 0.13046875
2 0.1328125 0.51875 0.11640625 0.1078125
2 0.1359375 0.746875 0.11015625 0.10703125
2 0.22109375 0.76796875 0.08359375 0.11875
2 0.37265625 0.5125 0.07109375 0.13046875
2 0.4640625 0.54296875 0.040625 0.0875
2 0.459375 0.70703125 0.0453125 0.0875
2 0.55 0.76875 0.0921875 0.11640625
2 0.66171875 0.715625 0.07890625 0.08046875
2 0.66328125 0.528125 0.09453125 0.1125
2 0.70546875 0.18125 0.0328125 0.16015625
2 0.75078125 0.2296875 0.01953125 0.11875
2 0.59140625 0.1421875 0.03125 0.178125
2 0.56875 0.7 0.034375 0.06796875
2 0.584375 0.28828125 0.0140625 0.09609375
2 0.896875 0.475 0.00625 0.0328125
2 0.9125 0.4671875 0.0046875 0.03359375
2 0.88828125 0.46171875 0.0046875 0.0296875
2 0.84921875 0.47578125 0.00625 0.0296875
2 0.8296875 0.4609375 0.00625 0.02421875
0 0.74453125 0.55078125 0.040625 0.03359375
2 0.8984375 0.56171875 0.02578125 0.02734375
2 0.87421875 0.5609375 0.025 0.03046875
2 0.87265625 0.62578125 0.025 0.03046875
2 0.89609375 0.625 0.0234375 0.02578125
2 0.8296875 0.62578125 0.00703125 0.02890625
2 0.83046875 0.56015625 0.00625 0.0296875
2 0.7875 0.5609375 0.00859375 0.02734375
2 0.78828125 0.625 0.00859375 0.02734375
2 0.775 0.6234375 0.0078125 0.0140625
2 0.7640625 0.63203125 0.00625 0.0109375
2 0.8921875 0.5546875 0.0078125 0.0109375
2 0.775 0.5703125 0.009375 0.0171875
2 0.76328125 0.5703125 0.00546875 0.009375
2 0.31640625 0.6796875 0.021875 0.03046875
2 0.23125 0.71953125 0.02890625 0.07578125
1 0.21328125 0.5390625 0.06796875 0.10859375
2 0.33828125 0.55 0.03125 0.05625
2 0.09140625 0.19765625 0.01796875 0.09609375
2 0.30703125 0.24765625 0.0171875 0.03984375