0 0.61484375 0.20234375 0.1673828125 0.2640625
0 0.3921875 0.4640625 0.1716796875 0.265625
0 0.11484375 0.41953125 0.15625 0.203125
2 0.57265625 0.5640625 0.0982421875 0.103125
0 0.3078125 0.18828125 0.1376953125 0.2173828125
2 0.5796875 0.3125 0.1 0.1126953125
0 0.68515625 0.48515625 0.0765625 0.1861328125
2 0.18671875 0.32890625 0.084375 0.1111328125
0 0.13984375 0.2125 0.1640625 0.234375
0 0.2078125 0.49609375 0.097265625 0.175
0 0.54296875 0.45625 0.1419921875 0.221875
2 0.6125 0.5515625 0.094140625 0.109765625
2 0.5953125 0.509375 0.0533203125 0.0748046875
2 0.4640625 0.5765625 0.034765625 0.0966796875
2 0.32578125 0.5765625 0.0232421875 0.0998046875
2 0.246875 0.50078125 0.0126953125 0.0953125
2 0.5875 0.34609375 0.0345703125 0.0330078125
2 0.465625 0.31796875 0.0314453125 0.09375
2 0.49609375 0.2921875 0.0482421875 0.091015625
2 0.328125 0.3328125 0.0248046875 0.1095703125
2 0.1875 0.57421875 0.078125 0.1076171875
2 0.10078125 0.3140625 0.096875 0.115625
2 0.11015625 0.55390625 0.0794921875 0.0953125
2 0.0640625 0.49765625 0.015625 0.0267578125
1 0.70546875 0.6390625 0.0326171875 0.13125
2 0.246875 0.2734375 0.012890625 0.065234375