0 0.2828125 0.8828125 0.246875 0.234375
0 0.56875 0.92890625 0.0751953125 0.1421875
1 0.3328125 0.4515625 0.116015625 0.553515625
1 0.63359375 0.84453125 0.0673828125 0.3109375
1 0.296875 0.6234375 0.0501953125 0.284375
2 0.81328125 0.4796875 0.0267578125 0.359765625
2 0.8890625 0.68125 0.021484375 0.2498046875
2 0.91640625 0.628125 0.0236328125 0.324609375
2 0.7609375 0.73515625 0.01875 0.1326171875
2 0.43203125 0.77890625 0.0232421875 0.20625
2 0.15625 0.4375 0.0283203125 0.4064453125
2 0.08203125 0.56796875 0.025 0.3453125
2 0.13359375 0.65 0.0263671875 0.2904296875
2 0.6390625 0.39765625 0.0279296875 0.3986328125