2 0.73125 0.36640625 0.0234375 0.11484375
2 0.78046875 0.32890625 0.01953125 0.1078125
0 0.825 0.3484375 0.084375 0.1140625
0 0.09921875 0.3578125 0.0875 0.1140625
0 0.4828125 0.83046875 0.1671875 0.24609375
0 0.2625 0.5671875 0.18046875 0.2265625
0 0.71171875 0.5421875 0.15703125 0.21484375
0 0.47890625 0.37578125 0.1125 0.16484375
1 0.1078125 0.4546875 0.03125 0.08125
1 0.821875 0.44375 0.02578125 0.07421875
2 0.4078125 0.44140625 0.02109375 0.14765625
1 0.4640625 0.46953125 0.0234375 0.02421875
2 0.41796875 0.203125 0.01328125 0.1109375
2 0.52421875 0.203125 0.01171875 0.1078125
2 0.6671875 0.2234375 0.01796875 0.10234375
2 0.74140625 0.25546875 0.0171875 0.103125
2 0.675 0.66875 0.10078125 0.08203125
2 0.71015625 0.784375 0.08515625 0.06484375
2 0.56015625 0.4359375 0.01953125 0.134375
2 0.17734375 0.33515625 0.0171875 0.115625
2 0.20859375 0.2609375 0.01640625 0.1
2 0.27890625 0.22578125 0.0140625 0.09375
2 0.23125 0.37734375 0.0203125 0.1171875
2 0.2859375 0.67890625 0.09375 0.07734375
2 0.24765625 0.78203125 0.08125 0.0515625
2 0.29453125 0.85703125 0.08984375 0.04765625
2 0.25546875 0.69921875 0.046875 0.0609375
2 0.553125 0.9140625 0.01640625 0.03828125
2 0.5546875 0.71953125 0.0203125 0.03359375
2 0.41171875 0.71796875 0.01953125 0.03515625
2 0.41484375 0.915625 0.0203125 0.03515625
0 0.62421875 0.59453125 0.0515625 0.15625
2 0.7 0.68515625 0.05078125 0.07265625
2 0.63046875 0.47578125 0.05859375 0.0890625