0 0.6671875 0.67109375 0.2154296875 0.2892578125
0 0.31484375 0.38828125 0.2263671875 0.3017578125
2 0.5921875 0.80546875 0.0875 0.1013671875
2 0.40234375 0.809375 0.0703125 0.1064453125
0 0.7609375 0.359375 0.1625 0.2376953125
2 0.24375 0.7859375 0.075390625 0.096875
2 0.39765625 0.52734375 0.0640625 0.1201171875
0 0.553125 0.55625 0.1439453125 0.205859375
2 0.59921875 0.5265625 0.0951171875 0.11875
1 0.08828125 0.57109375 0.1765625 0.1423828125
0 0.18359375 0.6046875 0.1173828125 0.240625
2 0.61953125 0.4328125 0.0375 0.0845703125
2 0.7390625 0.48359375 0.0716796875 0.0576171875
2 0.35078125 0.63359375 0.0548828125 0.1078125
2 0.25234375 0.67109375 0.0330078125 0.0796875
2 0.49765625 0.41796875 0.0357421875 0.071875
2 0.6515625 0.096875 0.025 0.18125
2 0.82890625 0.11328125 0.025 0.1388671875
2 0.375 0.08671875 0.0220703125 0.1732421875
2 0.78125 0.09921875 0.025 0.15625
2 0.5109375 0.128125 0.016015625 0.119140625
2 0.24375 0.5171875 0.074609375 0.109375
2 0.2015625 0.0828125 0.021875 0.1529296875
2 0.325 0.11484375 0.0185546875 0.1046875
2 0.084375 0.09609375 0.0216796875 0.1419921875
2 0.18125 0.75546875 0.080859375 0.0921875
2 0.1734375 0.478125 0.083984375 0.1064453125
2 0.78515625 0.69765625 0.0455078125 0.0638671875
2 0.10078125 0.0953125 0.0138671875 0.1154296875
2 0.21640625 0.1109375 0.0080078125 0.1029296875
2 0.6328125 0.11796875 0.0091796875 0.1
2 0.20078125 0.72734375 0.0263671875 0.03125
0 0.890625 0.32109375 0.0283203125 0.0455078125
0 0.8625 0.3171875 0.025 0.06875
0 0.8296875 0.25078125 0.0564453125 0.0705078125
2 0.8828125 0.2875 0.009765625 0.0341796875
2 0.86875 0.28984375 0.012109375 0.021875
2 0.853125 0.29765625 0.0064453125 0.0142578125