2 0.73125 0.36640625 0.024609375 0.1142578125
2 0.78046875 0.32890625 0.0201171875 0.1078125
0 0.825 0.3484375 0.084375 0.115234375
0 0.09921875 0.3578125 0.0875 0.115234375
0 0.4828125 0.83046875 0.166015625 0.2455078125
0 0.2625 0.5671875 0.1810546875 0.227734375
0 0.71171875 0.5421875 0.1576171875 0.2154296875
0 0.47890625 0.37578125 0.1125 0.1642578125
1 0.1078125 0.4546875 0.03125 0.08125
1 0.821875 0.44375 0.0251953125 0.0748046875
2 0.4078125 0.44140625 0.0216796875 0.1482421875
1 0.4640625 0.46953125 0.022265625 0.0236328125
2 0.41796875 0.203125 0.0138671875 0.112109375
2 0.52421875 0.203125 0.0111328125 0.106640625
2 0.6671875 0.2234375 0.0185546875 0.1029296875
2 0.74140625 0.25546875 0.0171875 0.103125
2 0.675 0.66875 0.1001953125 0.0814453125
2 0.71015625 0.784375 0.0857421875 0.0654296875
2 0.56015625 0.4359375 0.0201171875 0.134375
2 0.17734375 0.33515625 0.0171875 0.115625
2 0.20859375 0.2609375 0.0169921875 0.1
2 0.27890625 0.22578125 0.0140625 0.09375
2 0.23125 0.37734375 0.019140625 0.1171875
2 0.2859375 0.67890625 0.09375 0.0767578125
2 0.24765625 0.78203125 0.08125 0.0515625
2 0.29453125 0.85703125 0.0892578125 0.0482421875
2 0.25546875 0.69921875 0.046875 0.0609375
2 0.553125 0.9140625 0.0158203125 0.0376953125
2 0.5546875 0.71953125 0.021484375 0.0330078125
2 0.41171875 0.71796875 0.0201171875 0.0357421875
2 0.41484375 0.915625 0.0203125 0.0345703125
0 0.62421875 0.59453125 0.0515625 0.15625
2 0.7 0.68515625 0.0501953125 0.0732421875
2 0.63046875 0.47578125 0.0580078125 0.0890625