0 0.29453125 0.415625 0.2388671875 0.3126953125
0 0.66796875 0.70859375 0.2298828125 0.3017578125
0 0.76875 0.384375 0.168359375 0.244140625
0 0.165625 0.640625 0.1095703125 0.2470703125
0 0.5484375 0.58671875 0.1591796875 0.2138671875
1 0.084375 0.5984375 0.16875 0.153125
2 0.65390625 0.1171875 0.0236328125 0.1908203125
2 0.7921875 0.11484375 0.0279296875 0.1625
2 0.84296875 0.1234375 0.0294921875 0.1345703125
2 0.50625 0.14921875 0.0185546875 0.13125
2 0.30546875 0.13203125 0.0203125 0.1048828125
2 0.3578125 0.0875 0.0251953125 0.1625
2 0.171875 0.09375 0.024609375 0.1560546875
2 0.04609375 0.10078125 0.021875 0.1357421875
2 0.3859375 0.8515625 0.071875 0.1060546875
2 0.590625 0.84921875 0.0935546875 0.10625
2 0.60078125 0.56015625 0.0982421875 0.1171875
2 0.61640625 0.46015625 0.0390625 0.0861328125
2 0.4890625 0.46171875 0.0404296875 0.109375
2 0.3828125 0.56171875 0.066015625 0.1201171875
2 0.33203125 0.671875 0.0607421875 0.1158203125
2 0.21875 0.8296875 0.0810546875 0.103515625
2 0.21640625 0.5484375 0.0859375 0.1248046875
2 0.23125 0.71171875 0.0373046875 0.0857421875
2 0.1671875 0.81015625 0.052734375 0.0671875
2 0.06484375 0.12265625 0.0201171875 0.1388671875
2 0.1890625 0.13125 0.009765625 0.1123046875
0 0.25 0.2875 0.1154296875 0.0783203125
2 0.15546875 0.509375 0.05 0.0533203125
2 0.16953125 0.76640625 0.0326171875 0.0326171875
2 0.4796875 0.68984375 0.022265625 0.0794921875
2 0.6359375 0.1328125 0.0123046875 0.1060546875
0 0.84453125 0.2734375 0.0607421875 0.071484375
0 0.87890625 0.325 0.0267578125 0.0373046875
2 0.7921875 0.73359375 0.0341796875 0.05625