0 0.3015625 0.5484375 0.1908203125 0.177734375
2 0.16328125 0.4125 0.1169921875 0.0814453125
0 0.14765625 0.31953125 0.1669921875 0.1671875
2 0.159375 0.56640625 0.094140625 0.0765625
0 0.73203125 0.48125 0.1763671875 0.162890625
2 0.49375 0.46953125 0.0375 0.0705078125
2 0.55625 0.478125 0.0845703125 0.062890625
2 0.66484375 0.61953125 0.0919921875 0.05625
2 0.82734375 0.1796875 0.0267578125 0.103125
2 0.10859375 0.17734375 0.0203125 0.0953125
2 0.75546875 0.41640625 0.0921875 0.0609375
0 0.3046875 0.40234375 0.1314453125 0.1232421875
0 0.56640625 0.2796875 0.1607421875 0.1404296875
2 0.36640625 0.23046875 0.028125 0.1111328125
2 0.5328125 0.11953125 0.0279296875 0.096875
2 0.2171875 0.128125 0.025 0.093359375
2 0.2421875 0.44765625 0.058984375 0.0486328125
2 0.73046875 0.57578125 0.1173828125 0.0736328125
2 0.65859375 0.1265625 0.0234375 0.0845703125
2 0.7390625 0.2125 0.028125 0.100390625
2 0.79609375 0.15078125 0.0267578125 0.0890625
0 0.628125 0.39453125 0.19375 0.1796875
2 0.334375 0.1171875 0.0220703125 0.0939453125
2 0.11328125 0.1171875 0.0232421875 0.0251953125
2 0.2125 0.20390625 0.0220703125 0.0953125
2 0.34765625 0.33125 0.0453125 0.074609375
2 0.24453125 0.36328125 0.028125 0.0484375
2 0.37578125 0.4703125 0.053125 0.0591796875
2 0.3703125 0.63125 0.0529296875 0.0533203125
2 0.16015625 0.521875 0.090625 0.0689453125
2 0.196875 0.4015625 0.019140625 0.0216796875
2 0.60546875 0.51171875 0.0328125 0.0578125
2 0.75 0.36953125 0.0470703125 0.0357421875
2 0.609375 0.22421875 0.03125 0.109375
2 0.54765625 0.63671875 0.0765625 0.0486328125