0 0.29609375 0.3625 0.0546875 0.0748046875
0 0.76796875 0.36171875 0.0359375 0.0734375
0 0.43203125 0.3546875 0.0703125 0.0875
0 0.53046875 0.37265625 0.0703125 0.1
1 0.2984375 0.425 0.016015625 0.0560546875
2 0.65625 0.40625 0.037890625 0.0435546875
2 0.6609375 0.38359375 0.0248046875 0.0267578125
2 0.1734375 0.3859375 0.0810546875 0.609765625
0 0.41796875 0.28359375 0.075 0.0640625
0 0.64140625 0.35390625 0.0669921875 0.0857421875
2 0.41328125 0.40703125 0.0423828125 0.0421875
2 0.8265625 0.40390625 0.0748046875 0.6482421875
0 0.65078125 0.28203125 0.075 0.0580078125
1 0.77734375 0.425 0.01875 0.05
2 0.4375 0.31484375 0.0466796875 0.0486328125
2 0.44140625 0.41640625 0.0451171875 0.0451171875
2 0.503125 0.31796875 0.0126953125 0.0419921875
2 0.62890625 0.3140625 0.0451171875 0.0470703125
2 0.64765625 0.32109375 0.0234375 0.01875
2 0.63046875 0.41328125 0.0423828125 0.0423828125
2 0.4234375 0.32265625 0.0189453125 0.01875
2 0.41015625 0.384375 0.021875 0.025390625
2 0.50078125 0.4125 0.0078125 0.024609375
2 0.615625 0.30078125 0.0095703125 0.0142578125