0 0.1375 0.38671875 0.13203125 0.2265625
0 0.90234375 0.2578125 0.07109375 0.1078125
0 0.753125 0.2796875 0.0609375 0.0984375
0 0.11015625 0.6 0.109375 0.18515625
0 0.734375 0.56328125 0.03359375 0.05859375
0 0.71953125 0.50625 0.03359375 0.0625
0 0.840625 0.56484375 0.03984375 0.0625
2 0.428125 0.26796875 0.009375 0.08203125
2 0.48359375 0.21328125 0.0125 0.12578125
2 0.40390625 0.15859375 0.01640625 0.128125
2 0.30390625 0.14140625 0.015625 0.153125
2 0.2625 0.278125 0.0109375 0.08203125
2 0.06171875 0.2078125 0.0140625 0.1078125
2 0.075 0.16328125 0.01328125 0.1328125
2 0.09921875 0.2203125 0.01171875 0.06484375
2 0.11015625 0.49453125 0.06875 0.10859375
2 0.09453125 0.4984375 0.065625 0.09609375
2 0.1109375 0.70390625 0.065625 0.10078125
2 0.17578125 0.48671875 0.0640625 0.115625
1 0.1671875 0.709375 0.08984375 0.140625
2 0.19765625 0.66875 0.0140625 0.0875
2 0.290625 0.7140625 0.0296875 0.09765625
1 0.4453125 0.74375 0.04140625 0.06484375
2 0.44375 0.69453125 0.0671875 0.0953125
2 0.35078125 0.509375 0.0296875 0.07265625
2 0.38828125 0.49609375 0.040625 0.10859375
1 0.4828125 0.47734375 0.08515625 0.08125
1 0.4796875 0.76875 0.04921875 0.1546875
1 0.39296875 0.709375 0.0671875 0.1328125
1 0.271875 0.84609375 0.10703125 0.06875
1 0.04609375 0.80234375 0.075 0.0875
1 0.19921875 0.225 0.0359375 0.10078125
1 0.1515625 0.16640625 0.06328125 0.190625
1 0.36640625 0.29921875 0.0390625 0.125
1 0.296875 0.4921875 0.05703125 0.15390625
2 0.35078125 0.66015625 0.03046875 0.0734375
2 0.26796875 0.49375 0.01796875 0.0484375
2 0.15390625 0.53046875 0.01015625 0.03125
2 0.071875 0.6546875 0.01328125 0.0265625
2 0.26484375 0.63828125 0.01015625 0.03203125
2 0.4484375 0.675 0.06015625 0.071875
2 0.4234375 0.63984375 0.009375 0.02578125
0 0.3296875 0.66171875 0.03515625 0.05
1 0.19921875 0.5078125 0.03671875 0.10078125
0 0.39609375 0.33671875 0.03828125 0.07734375
1 0.41875 0.49765625 0.04609375 0.07578125
2 0.85859375 0.43515625 0.00546875 0.03828125
2 0.85078125 0.43203125 0.00546875 0.040625
2 0.84609375 0.43828125 0.00390625 0.0328125
2 0.82734375 0.428125 0.00546875 0.0359375
2 0.81015625 0.43984375 0.003125 0.028125
2 0.7796875 0.42578125 0.00390625 0.03203125
2 0.74609375 0.43046875 0.00390625 0.034375
2 0.73984375 0.44296875 0.00390625 0.03046875
2 0.71796875 0.440625 0.00390625 0.02578125
2 0.7140625 0.43515625 0.00390625 0.0328125
2 0.70625 0.4390625 0.00390625 0.03203125
2 0.78203125 0.53203125 0.00390625 0.03203125
0 0.7921875 0.50625 0.0234375 0.05859375
2 0.7484375 0.5296875 0.00859375 0.0296875
2 0.74453125 0.53046875 0.0109375 0.02265625
2 0.725 0.53125 0.021875 0.03125
2 0.72421875 0.5421875 0.009375 0.01015625
2 0.7484375 0.5953125 0.009375 0.03125
2 0.7265625 0.5953125 0.02265625 0.03046875
2 0.71875 0.59375 0.02109375 0.0296875
2 0.72265625 0.584375 0.00859375 0.01484375
2 0.78203125 0.59375 0.00390625 0.01875
2 0.83828125 0.596875 0.0203125 0.0296875
2 0.84453125 0.59609375 0.0234375 0.03046875
2 0.81875 0.59453125 0.01328125 0.02578125
2 0.8390625 0.53125 0.021875 0.03203125
2 0.84609375 0.53203125 0.0234375 0.0296875
2 0.8203125 0.52734375 0.01484375 0.02734375