0 0.71640625 0.6546875 0.1732421875 0.31875
0 0.23125 0.63828125 0.175390625 0.3294921875
0 0.4671875 0.78046875 0.13125 0.284375
2 0.7171875 0.2890625 0.0251953125 0.1720703125
2 0.81640625 0.36484375 0.0328125 0.1830078125
2 0.8890625 0.54609375 0.0373046875 0.1953125
2 0.84296875 0.67734375 0.0375 0.2111328125
2 0.603125 0.85 0.0310546875 0.262890625
2 0.37578125 0.8515625 0.03125 0.277734375
2 0.12265625 0.71484375 0.04375 0.2701171875
2 0.0703125 0.5578125 0.0341796875 0.227734375
2 0.1375 0.38828125 0.0314453125 0.1986328125
2 0.2390625 0.29453125 0.028125 0.1794921875
2 0.4109375 0.2328125 0.0185546875 0.172265625
2 0.540625 0.2296875 0.018359375 0.171484375
2 0.828125 0.984375 0.0748046875 0.03125
0 0.490625 0.978125 0.1279296875 0.04375
2 0.18125 0.78984375 0.05625 0.0892578125
2 0.77890625 0.778125 0.0423828125 0.0751953125