0 0.6671875 0.67109375 0.21484375 0.28984375
0 0.31484375 0.38828125 0.22578125 0.30234375
2 0.5921875 0.80546875 0.0875 0.10078125
2 0.40234375 0.809375 0.0703125 0.10703125
0 0.7609375 0.359375 0.1625 0.23828125
2 0.24375 0.7859375 0.0765625 0.096875
2 0.39765625 0.52734375 0.0640625 0.11953125
0 0.553125 0.55625 0.14453125 0.2046875
2 0.59921875 0.5265625 0.09453125 0.11875
1 0.08828125 0.57109375 0.1765625 0.14296875
0 0.18359375 0.6046875 0.11796875 0.240625
2 0.61953125 0.4328125 0.0375 0.08515625
2 0.7390625 0.48359375 0.07109375 0.05703125
2 0.35078125 0.63359375 0.05546875 0.1078125
2 0.25234375 0.67109375 0.03359375 0.0796875
2 0.49765625 0.41796875 0.03515625 0.071875
2 0.6515625 0.096875 0.025 0.18125
2 0.82890625 0.11328125 0.025 0.13828125
2 0.375 0.08671875 0.02265625 0.17265625
2 0.78125 0.09921875 0.025 0.15625
2 0.5109375 0.128125 0.0171875 0.1203125
2 0.24375 0.5171875 0.0734375 0.109375
2 0.2015625 0.0828125 0.021875 0.15234375
2 0.325 0.11484375 0.01796875 0.1046875
2 0.084375 0.09609375 0.02109375 0.14140625
2 0.18125 0.75546875 0.0796875 0.0921875
2 0.1734375 0.478125 0.0828125 0.10703125
2 0.78515625 0.69765625 0.04609375 0.06328125
2 0.10078125 0.0953125 0.01328125 0.11484375
2 0.21640625 0.1109375 0.00859375 0.10234375
2 0.6328125 0.11796875 0.00859375 0.1
2 0.20078125 0.72734375 0.02578125 0.03125
0 0.890625 0.32109375 0.02890625 0.04609375
0 0.8625 0.3171875 0.025 0.06875
0 0.8296875 0.25078125 0.05703125 0.07109375
2 0.8828125 0.2875 0.0109375 0.03359375
2 0.86875 0.28984375 0.0109375 0.021875
2 0.853125 0.29765625 0.00703125 0.01484375