0 0.61484375 0.20234375 0.16796875 0.2640625
0 0.3921875 0.4640625 0.17109375 0.265625
0 0.11484375 0.41953125 0.15625 0.203125
2 0.57265625 0.5640625 0.09765625 0.103125
0 0.3078125 0.18828125 0.13828125 0.21796875
2 0.5796875 0.3125 0.1 0.11328125
0 0.68515625 0.48515625 0.0765625 0.18671875
2 0.18671875 0.32890625 0.084375 0.11171875
0 0.13984375 0.2125 0.1640625 0.234375
0 0.2078125 0.49609375 0.0984375 0.175
0 0.54296875 0.45625 0.14140625 0.221875
2 0.6125 0.5515625 0.0953125 0.1109375
2 0.5953125 0.509375 0.05390625 0.07421875
2 0.4640625 0.5765625 0.0359375 0.09609375
2 0.32578125 0.5765625 0.02265625 0.09921875
2 0.246875 0.50078125 0.01328125 0.0953125
2 0.5875 0.34609375 0.03515625 0.03359375
2 0.465625 0.31796875 0.03203125 0.09375
2 0.49609375 0.2921875 0.04765625 0.0921875
2 0.328125 0.3328125 0.02421875 0.11015625
2 0.1875 0.57421875 0.078125 0.10703125
2 0.10078125 0.3140625 0.096875 0.115625
2 0.11015625 0.55390625 0.07890625 0.0953125
2 0.0640625 0.49765625 0.015625 0.02734375
1 0.70546875 0.6390625 0.03203125 0.13125
2 0.246875 0.2734375 0.0140625 0.0640625