0 0.2640625 0.38515625 0.24375 0.2640625
2 0.34296875 0.5 0.109375 0.134375
2 0.8078125 0.73515625 0.115234375 0.1078125
1 0.8828125 0.81875 0.0935546875 0.175
1 0.87421875 0.490625 0.153125 0.0908203125
2 0.7203125 0.51171875 0.090625 0.121875
1 0.56875 0.5046875 0.121875 0.1720703125
1 0.52734375 0.915625 0.19375 0.0908203125
0 0.178125 0.6265625 0.2033203125 0.215234375
1 0.7328125 0.75234375 0.13125 0.1513671875
1 0.32734375 0.75546875 0.1607421875 0.1576171875
1 0.0796875 0.865625 0.1501953125 0.1029296875
2 0.5546875 0.76015625 0.071484375 0.11875
2 0.1578125 0.51171875 0.122265625 0.1107421875
1 0.30234375 0.128125 0.1138671875 0.2216796875
2 0.2078125 0.74921875 0.1185546875 0.115625
2 0.4546875 0.525 0.046875 0.0875
1 0.63046875 0.290625 0.0640625 0.140625
2 0.14609375 0.1140625 0.0265625 0.140625
2 0.76015625 0.140625 0.0296875 0.1595703125
2 0.4390625 0.2671875 0.0220703125 0.1033203125
2 0.58671875 0.1125 0.03125 0.180859375
2 0.8765625 0.19296875 0.022265625 0.125
2 0.09375 0.1734375 0.0248046875 0.1283203125
2 0.746875 0.26953125 0.018359375 0.0734375
2 0.7125 0.70546875 0.0376953125 0.0794921875
2 0.6109375 0.52734375 0.0560546875 0.084375
2 0.8578125 0.209375 0.0216796875 0.093359375
0 0.615625 0.33125 0.0810546875 0.08125
1 0.834375 0.828125 0.0408203125 0.0751953125
1 0.7921875 0.7953125 0.0751953125 0.0720703125
1 0.73515625 0.53046875 0.078125 0.1111328125
2 0.82578125 0.6953125 0.053125 0.047265625
2 0.6125 0.6890625 0.0470703125 0.06875
2 0.446875 0.67890625 0.0251953125 0.0484375
2 0.325 0.68671875 0.0279296875 0.0580078125
2 0.1609375 0.73125 0.1220703125 0.1091796875
2 0.2046875 0.5078125 0.1158203125 0.1251953125
2 0.15234375 0.23046875 0.0234375 0.0642578125
1 0.32890625 0.540625 0.0673828125 0.0875