0 0.71640625 0.6546875 0.17265625 0.31875
0 0.23125 0.63828125 0.1765625 0.32890625
0 0.4671875 0.78046875 0.13125 0.284375
2 0.7171875 0.2890625 0.02578125 0.17265625
2 0.81640625 0.36484375 0.0328125 0.18359375
2 0.8890625 0.54609375 0.03671875 0.1953125
2 0.84296875 0.67734375 0.0375 0.21171875
2 0.603125 0.85 0.03046875 0.2640625
2 0.37578125 0.8515625 0.03125 0.2765625
2 0.12265625 0.71484375 0.04375 0.26953125
2 0.0703125 0.5578125 0.03359375 0.2265625
2 0.1375 0.38828125 0.03203125 0.19921875
2 0.2390625 0.29453125 0.028125 0.17890625
2 0.4109375 0.2328125 0.01796875 0.1734375
2 0.540625 0.2296875 0.0171875 0.1703125
2 0.828125 0.984375 0.07421875 0.03125
0 0.490625 0.978125 0.12734375 0.04375
2 0.18125 0.78984375 0.05625 0.08984375
2 0.77890625 0.778125 0.04296875 0.07578125