0 0.2640625 0.38515625 0.24375 0.2640625
2 0.34296875 0.5 0.109375 0.134375
2 0.8078125 0.73515625 0.1140625 0.1078125
1 0.8828125 0.81875 0.09296875 0.175
1 0.87421875 0.490625 0.153125 0.09140625
2 0.7203125 0.51171875 0.090625 0.121875
1 0.56875 0.5046875 0.121875 0.17265625
1 0.52734375 0.915625 0.19375 0.09140625
0 0.178125 0.6265625 0.20390625 0.2140625
1 0.7328125 0.75234375 0.13125 0.15078125
1 0.32734375 0.75546875 0.16015625 0.15703125
1 0.0796875 0.865625 0.15078125 0.10234375
2 0.5546875 0.76015625 0.0703125 0.11875
2 0.1578125 0.51171875 0.1234375 0.11015625
1 0.30234375 0.128125 0.11328125 0.22109375
2 0.2078125 0.74921875 0.11796875 0.115625
2 0.4546875 0.525 0.046875 0.0875
1 0.63046875 0.290625 0.0640625 0.140625
2 0.14609375 0.1140625 0.0265625 0.140625
2 0.76015625 0.140625 0.0296875 0.16015625
2 0.4390625 0.2671875 0.02265625 0.10390625
2 0.58671875 0.1125 0.03125 0.1796875
2 0.8765625 0.19296875 0.0234375 0.125
2 0.09375 0.1734375 0.02421875 0.12890625
2 0.746875 0.26953125 0.0171875 0.0734375
2 0.7125 0.70546875 0.03828125 0.07890625
2 0.6109375 0.52734375 0.05546875 0.084375
2 0.8578125 0.209375 0.02109375 0.0921875
0 0.615625 0.33125 0.08046875 0.08125
1 0.834375 0.828125 0.04140625 0.07578125
1 0.7921875 0.7953125 0.07578125 0.07265625
1 0.73515625 0.53046875 0.078125 0.11171875
2 0.82578125 0.6953125 0.053125 0.0484375
2 0.6125 0.6890625 0.04765625 0.06875
2 0.446875 0.67890625 0.02578125 0.0484375
2 0.325 0.68671875 0.02734375 0.05859375
2 0.1609375 0.73125 0.12265625 0.10859375
2 0.2046875 0.5078125 0.11640625 0.12578125
2 0.15234375 0.23046875 0.0234375 0.06484375
1 0.32890625 0.540625 0.06796875 0.0875