0 0.18359375 0.384375 0.303125 0.30078125
0 0.65390625 0.66484375 0.2875 0.29375
0 0.78125 0.35390625 0.2140625 0.240625
0 0.50390625 0.54609375 0.1984375 0.2078125
0 0.046875 0.60546875 0.09296875 0.23828125
2 0.80859375 0.0953125 0.03515625 0.15859375
2 0.875 0.10703125 0.0296875 0.140625
2 0.60859375 0.109375 0.01953125 0.0921875
2 0.63671875 0.08984375 0.03125 0.17734375
2 0.44765625 0.13046875 0.0265625 0.13125
2 0.19921875 0.1140625 0.021875 0.11171875
2 0.26484375 0.07734375 0.03515625 0.1546875
2 0.03359375 0.08046875 0.0296875 0.1609375
2 0.3 0.5265625 0.090625 0.1265625
2 0.30078125 0.80546875 0.08671875 0.1046875
2 0.23125 0.63046875 0.06796875 0.1125
2 0.08984375 0.50625 0.09765625 0.1125
2 0.09375 0.7796875 0.10703125 0.09375
2 0.1015625 0.66875 0.03984375 0.0859375
2 0.0265625 0.76171875 0.053125 0.06640625
2 0.02890625 0.7203125 0.04921875 0.0421875
2 0.55625 0.8 0.1203125 0.0953125
2 0.5671875 0.521875 0.12578125 0.11484375
2 0.5921875 0.43515625 0.0453125 0.10390625
2 0.74296875 0.48671875 0.109375 0.0703125
0 0.13203125 0.25859375 0.1453125 0.07265625
2 0.053125 0.103125 0.01171875 0.09453125
2 0.41953125 0.6375 0.02890625 0.059375
2 0.43046875 0.428125 0.04453125 0.10234375
2 0.81015625 0.6875 0.0390625 0.05234375
0 0.87265625 0.246875 0.07421875 0.071875
0 0.91328125 0.30078125 0.021875 0.04765625