0 0.18359375 0.384375 0.303125 0.3001953125
0 0.65390625 0.66484375 0.2875 0.29375
0 0.78125 0.35390625 0.212890625 0.240625
0 0.50390625 0.54609375 0.1984375 0.2078125
0 0.046875 0.60546875 0.0935546875 0.2388671875
2 0.80859375 0.0953125 0.0357421875 0.1591796875
2 0.875 0.10703125 0.030859375 0.140625
2 0.60859375 0.109375 0.0201171875 0.093359375
2 0.63671875 0.08984375 0.03125 0.1767578125
2 0.44765625 0.13046875 0.0265625 0.13125
2 0.19921875 0.1140625 0.021875 0.1123046875
2 0.26484375 0.07734375 0.0357421875 0.1546875
2 0.03359375 0.08046875 0.0296875 0.1609375
2 0.3 0.5265625 0.090625 0.127734375
2 0.30078125 0.80546875 0.0861328125 0.1046875
2 0.23125 0.63046875 0.0685546875 0.1125
2 0.08984375 0.50625 0.0982421875 0.1125
2 0.09375 0.7796875 0.1064453125 0.09375
2 0.1015625 0.66875 0.0404296875 0.087109375
2 0.0265625 0.76171875 0.053125 0.0669921875
2 0.02890625 0.7203125 0.0486328125 0.041015625
2 0.55625 0.8 0.119140625 0.094140625
2 0.5671875 0.521875 0.1251953125 0.1154296875
2 0.5921875 0.43515625 0.046484375 0.1044921875
2 0.74296875 0.48671875 0.109375 0.0703125
0 0.13203125 0.25859375 0.1453125 0.0732421875
2 0.053125 0.103125 0.0123046875 0.0939453125
2 0.41953125 0.6375 0.0294921875 0.059375
2 0.43046875 0.428125 0.0451171875 0.1029296875
2 0.81015625 0.6875 0.0390625 0.0529296875
0 0.87265625 0.246875 0.0736328125 0.071875
0 0.91328125 0.30078125 0.021875 0.0482421875