0 0.1375 0.38671875 0.1314453125 0.2265625
0 0.90234375 0.2578125 0.0705078125 0.108984375
0 0.753125 0.2796875 0.062109375 0.097265625
0 0.11015625 0.6 0.109375 0.1845703125
0 0.734375 0.56328125 0.0341796875 0.0580078125
0 0.71953125 0.50625 0.0330078125 0.0625
0 0.840625 0.56484375 0.0404296875 0.0625
2 0.428125 0.26796875 0.009375 0.0826171875
2 0.48359375 0.21328125 0.0125 0.1263671875
2 0.40390625 0.15859375 0.0169921875 0.128125
2 0.30390625 0.14140625 0.015625 0.153125
2 0.2625 0.278125 0.012109375 0.0814453125
2 0.06171875 0.2078125 0.0140625 0.108984375
2 0.075 0.16328125 0.0126953125 0.1328125
2 0.09921875 0.2203125 0.0111328125 0.0654296875
2 0.11015625 0.49453125 0.06875 0.1080078125
2 0.09453125 0.4984375 0.065625 0.0966796875
2 0.1109375 0.70390625 0.065625 0.1013671875
2 0.17578125 0.48671875 0.0640625 0.115625
1 0.1671875 0.709375 0.0904296875 0.140625
2 0.19765625 0.66875 0.0140625 0.0875
2 0.290625 0.7140625 0.030859375 0.0970703125
1 0.4453125 0.74375 0.0408203125 0.0654296875
2 0.44375 0.69453125 0.068359375 0.0953125
2 0.35078125 0.509375 0.0296875 0.0720703125
2 0.38828125 0.49609375 0.040625 0.1080078125
1 0.4828125 0.47734375 0.0845703125 0.08125
1 0.4796875 0.76875 0.0498046875 0.155859375
1 0.39296875 0.709375 0.0671875 0.131640625
1 0.271875 0.84609375 0.1064453125 0.06875
1 0.04609375 0.80234375 0.075 0.0875
1 0.19921875 0.225 0.0359375 0.1001953125
1 0.1515625 0.16640625 0.0626953125 0.190625
1 0.36640625 0.29921875 0.0390625 0.125
1 0.296875 0.4921875 0.0564453125 0.1533203125
2 0.35078125 0.66015625 0.0298828125 0.0734375
2 0.26796875 0.49375 0.0173828125 0.049609375
2 0.15390625 0.53046875 0.0107421875 0.03125
2 0.071875 0.6546875 0.0126953125 0.027734375
2 0.26484375 0.63828125 0.0107421875 0.0326171875
2 0.4484375 0.675 0.0595703125 0.071875
2 0.4234375 0.63984375 0.009375 0.0263671875
0 0.3296875 0.66171875 0.0345703125 0.05
1 0.19921875 0.5078125 0.0361328125 0.1001953125
0 0.39609375 0.33671875 0.0388671875 0.0767578125
1 0.41875 0.49765625 0.0466796875 0.0763671875
2 0.85859375 0.43515625 0.0048828125 0.0388671875
2 0.85078125 0.43203125 0.0048828125 0.040625
2 0.84609375 0.43828125 0.0044921875 0.0328125
2 0.82734375 0.428125 0.0048828125 0.037109375
2 0.81015625 0.43984375 0.003125 0.028125
2 0.7796875 0.42578125 0.0033203125 0.0326171875
2 0.74609375 0.43046875 0.0044921875 0.034375
2 0.73984375 0.44296875 0.0044921875 0.0298828125
2 0.71796875 0.440625 0.0044921875 0.0251953125
2 0.7140625 0.43515625 0.0033203125 0.0328125
2 0.70625 0.4390625 0.0033203125 0.0314453125
2 0.78203125 0.53203125 0.0044921875 0.0326171875
0 0.7921875 0.50625 0.022265625 0.0591796875
2 0.7484375 0.5296875 0.0091796875 0.028515625
2 0.74453125 0.53046875 0.0109375 0.0232421875
2 0.725 0.53125 0.021875 0.03125
2 0.72421875 0.5421875 0.009375 0.0095703125
2 0.7484375 0.5953125 0.009375 0.03125
2 0.7265625 0.5953125 0.0220703125 0.0310546875
2 0.71875 0.59375 0.0216796875 0.030859375
2 0.72265625 0.584375 0.0080078125 0.0154296875
2 0.78203125 0.59375 0.0044921875 0.01875
2 0.83828125 0.596875 0.0203125 0.030859375
2 0.84453125 0.59609375 0.0234375 0.0298828125
2 0.81875 0.59453125 0.0126953125 0.0263671875
2 0.8390625 0.53125 0.021875 0.0314453125
2 0.84609375 0.53203125 0.0234375 0.0296875
2 0.8203125 0.52734375 0.0154296875 0.0267578125