0 0.43515625 0.56171875 0.1875 0.3
0 0.67734375 0.25390625 0.171875 0.2890625
0 0.33828125 0.23515625 0.1484375 0.2544921875
2 0.6375 0.38671875 0.1064453125 0.1361328125
0 0.7578125 0.5859375 0.084375 0.20625
0 0.15703125 0.27109375 0.1703125 0.284375
0 0.1296875 0.509375 0.1658203125 0.250390625
2 0.20546875 0.3984375 0.0859375 0.121875
2 0.6328125 0.67734375 0.1095703125 0.1328125
2 0.2109375 0.68671875 0.0904296875 0.125
2 0.51015625 0.6921875 0.0330078125 0.1189453125
1 0.7765625 0.7625 0.0375 0.1466796875
2 0.67578125 0.653125 0.103125 0.124609375
0 0.5984375 0.54765625 0.1533203125 0.246875
2 0.6546875 0.6125 0.059375 0.09375
2 0.546875 0.359375 0.0533203125 0.1091796875
2 0.64765625 0.421875 0.0421875 0.0408203125
2 0.36171875 0.40703125 0.0267578125 0.1296875
0 0.22890625 0.59375 0.1017578125 0.205859375
2 0.275 0.59453125 0.012890625 0.1
2 0.1125 0.38671875 0.1064453125 0.1361328125
2 0.27578125 0.3484375 0.0142578125 0.0908203125
2 0.35859375 0.684375 0.0234375 0.105859375
2 0.1234375 0.6640625 0.0876953125 0.1248046875
2 0.0734375 0.596875 0.0189453125 0.0341796875
2 0.40390625 0.35546875 0.009375 0.0607421875
2 0.515625 0.3828125 0.0283203125 0.0939453125