0 0.2875 0.39453125 0.218359375 0.2705078125
0 0.871875 0.32109375 0.080859375 0.0921875
0 0.134375 0.6421875 0.187109375 0.2189453125
0 0.82890625 0.53828125 0.0421875 0.0580078125
0 0.89296875 0.59296875 0.0515625 0.0548828125
0 0.75703125 0.59296875 0.046875 0.0576171875
1 0.74921875 0.5125 0.1294921875 0.0935546875
1 0.5671875 0.5234375 0.127734375 0.1689453125
1 0.67734375 0.753125 0.1267578125 0.140625
1 0.7828125 0.8140625 0.078125 0.165625
1 0.68984375 0.82421875 0.0705078125 0.0671875
1 0.5484375 0.91953125 0.153125 0.0982421875
1 0.36171875 0.76640625 0.1076171875 0.1546875
1 0.0921875 0.8890625 0.15625 0.096875
1 0.47578125 0.31015625 0.0513671875 0.1361328125
1 0.34765625 0.13984375 0.0857421875 0.2203125
1 0.203125 0.20078125 0.043359375 0.1107421875
2 0.1796875 0.1203125 0.0248046875 0.153515625
2 0.071875 0.175 0.021875 0.14375
2 0.21796875 0.51015625 0.0857421875 0.1298828125
2 0.1328125 0.51875 0.1158203125 0.106640625
2 0.1359375 0.746875 0.1095703125 0.1064453125
2 0.22109375 0.76796875 0.0830078125 0.11875
2 0.37265625 0.5125 0.0705078125 0.1310546875
2 0.4640625 0.54296875 0.040625 0.0875
2 0.459375 0.70703125 0.044140625 0.0875
2 0.55 0.76875 0.093359375 0.1158203125
2 0.66171875 0.715625 0.0794921875 0.0810546875
2 0.66328125 0.528125 0.0951171875 0.1125
2 0.70546875 0.18125 0.0328125 0.1595703125
2 0.75078125 0.2296875 0.0201171875 0.11875
2 0.59140625 0.1421875 0.03125 0.178125
2 0.56875 0.7 0.034375 0.0685546875
2 0.584375 0.28828125 0.012890625 0.0955078125
2 0.896875 0.475 0.00625 0.031640625
2 0.9125 0.4671875 0.005859375 0.0341796875
2 0.88828125 0.46171875 0.0046875 0.0296875
2 0.84921875 0.47578125 0.00625 0.0296875
2 0.8296875 0.4609375 0.00625 0.0248046875
0 0.74453125 0.55078125 0.040625 0.0330078125
2 0.8984375 0.56171875 0.0251953125 0.0267578125
2 0.87421875 0.5609375 0.025 0.0310546875
2 0.87265625 0.62578125 0.025 0.0298828125
2 0.89609375 0.625 0.0234375 0.0251953125
2 0.8296875 0.62578125 0.0064453125 0.0294921875
2 0.83046875 0.56015625 0.00625 0.0296875
2 0.7875 0.5609375 0.0091796875 0.0279296875
2 0.78828125 0.625 0.0080078125 0.0279296875
2 0.775 0.6234375 0.006640625 0.015234375
2 0.7640625 0.63203125 0.00625 0.0109375
2 0.8921875 0.5546875 0.008984375 0.009765625
2 0.775 0.5703125 0.009375 0.016015625
2 0.76328125 0.5703125 0.0048828125 0.009375
2 0.31640625 0.6796875 0.021875 0.0310546875
2 0.23125 0.71953125 0.0283203125 0.0763671875
1 0.21328125 0.5390625 0.0673828125 0.1091796875
2 0.33828125 0.55 0.03125 0.05625
2 0.09140625 0.19765625 0.0173828125 0.0955078125
2 0.30703125 0.24765625 0.0171875 0.0392578125