0 0.3015625 0.5484375 0.19140625 0.1765625
2 0.16328125 0.4125 0.11640625 0.08203125
0 0.14765625 0.31953125 0.16640625 0.1671875
2 0.159375 0.56640625 0.0953125 0.0765625
0 0.73203125 0.48125 0.17578125 0.1640625
2 0.49375 0.46953125 0.0375 0.07109375
2 0.55625 0.478125 0.08515625 0.0640625
2 0.66484375 0.61953125 0.09140625 0.05625
2 0.82734375 0.1796875 0.02734375 0.103125
2 0.10859375 0.17734375 0.0203125 0.0953125
2 0.75546875 0.41640625 0.0921875 0.0609375
0 0.3046875 0.40234375 0.13203125 0.12265625
0 0.56640625 0.2796875 0.16015625 0.13984375
2 0.36640625 0.23046875 0.028125 0.11171875
2 0.5328125 0.11953125 0.02734375 0.096875
2 0.2171875 0.128125 0.025 0.0921875
2 0.2421875 0.44765625 0.0578125 0.04921875
2 0.73046875 0.57578125 0.11796875 0.07421875
2 0.65859375 0.1265625 0.0234375 0.08515625
2 0.7390625 0.2125 0.028125 0.1015625
2 0.79609375 0.15078125 0.02734375 0.0890625
0 0.628125 0.39453125 0.19375 0.1796875
2 0.334375 0.1171875 0.02265625 0.09453125
2 0.11328125 0.1171875 0.02265625 0.02578125
2 0.2125 0.20390625 0.02265625 0.0953125
2 0.34765625 0.33125 0.0453125 0.0734375
2 0.24453125 0.36328125 0.028125 0.0484375
2 0.37578125 0.4703125 0.053125 0.05859375
2 0.3703125 0.63125 0.05234375 0.05390625
2 0.16015625 0.521875 0.090625 0.06953125
2 0.196875 0.4015625 0.0203125 0.02109375
2 0.60546875 0.51171875 0.0328125 0.0578125
2 0.75 0.36953125 0.04765625 0.03515625
2 0.609375 0.22421875 0.03125 0.109375
2 0.54765625 0.63671875 0.0765625 0.04921875