0 0.29453125 0.415625 0.23828125 0.31328125
0 0.66796875 0.70859375 0.23046875 0.30234375
0 0.76875 0.384375 0.1671875 0.2453125
0 0.165625 0.640625 0.11015625 0.24765625
0 0.5484375 0.58671875 0.15859375 0.21328125
1 0.084375 0.5984375 0.16875 0.153125
2 0.65390625 0.1171875 0.02421875 0.19140625
2 0.7921875 0.11484375 0.02734375 0.1625
2 0.84296875 0.1234375 0.02890625 0.13515625
2 0.50625 0.14921875 0.01796875 0.13125
2 0.30546875 0.13203125 0.0203125 0.10546875
2 0.3578125 0.0875 0.02578125 0.1625
2 0.171875 0.09375 0.0234375 0.15546875
2 0.04609375 0.10078125 0.021875 0.13515625
2 0.3859375 0.8515625 0.071875 0.10546875
2 0.590625 0.84921875 0.09296875 0.10625
2 0.60078125 0.56015625 0.09765625 0.1171875
2 0.61640625 0.46015625 0.0390625 0.08671875
2 0.4890625 0.46171875 0.03984375 0.109375
2 0.3828125 0.56171875 0.0671875 0.11953125
2 0.33203125 0.671875 0.06015625 0.11640625
2 0.21875 0.8296875 0.08046875 0.1046875
2 0.21640625 0.5484375 0.0859375 0.12421875
2 0.23125 0.71171875 0.03671875 0.08515625
2 0.1671875 0.81015625 0.0515625 0.0671875
2 0.06484375 0.12265625 0.01953125 0.13828125
2 0.1890625 0.13125 0.0109375 0.11171875
0 0.25 0.2875 0.11484375 0.07890625
2 0.15546875 0.509375 0.05 0.05390625
2 0.16953125 0.76640625 0.03203125 0.03203125
2 0.4796875 0.68984375 0.0234375 0.07890625
2 0.6359375 0.1328125 0.01171875 0.10546875
0 0.84453125 0.2734375 0.06015625 0.0703125
0 0.87890625 0.325 0.02734375 0.03671875
2 0.7921875 0.73359375 0.03359375 0.05625