0 0.29609375 0.3625 0.0546875 0.07421875
0 0.76796875 0.36171875 0.0359375 0.0734375
0 0.43203125 0.3546875 0.0703125 0.0875
0 0.53046875 0.37265625 0.0703125 0.1
1 0.2984375 0.425 0.0171875 0.05546875
2 0.65625 0.40625 0.0390625 0.04296875
2 0.6609375 0.38359375 0.02421875 0.02734375
2 0.1734375 0.3859375 0.08046875 0.6109375
0 0.41796875 0.28359375 0.075 0.0640625
0 0.64140625 0.35390625 0.06640625 0.08515625
2 0.41328125 0.40703125 0.04296875 0.0421875
2 0.8265625 0.40390625 0.07421875 0.64765625
0 0.65078125 0.28203125 0.075 0.05859375
1 0.77734375 0.425 0.01875 0.05
2 0.4375 0.31484375 0.04609375 0.04921875
2 0.44140625 0.41640625 0.04453125 0.04453125
2 0.503125 0.31796875 0.01328125 0.04140625
2 0.62890625 0.3140625 0.04453125 0.04765625
2 0.64765625 0.32109375 0.0234375 0.01875
2 0.63046875 0.41328125 0.04296875 0.04296875
2 0.4234375 0.32265625 0.01953125 0.01875
2 0.41015625 0.384375 0.021875 0.0265625
2 0.50078125 0.4125 0.0078125 0.0234375
2 0.615625 0.30078125 0.01015625 0.01484375