0 0.79296875 0.72265625 0.2375 0.3076171875
0 0.40625 0.48671875 0.2908203125 0.3609375
0 0.14609375 0.6953125 0.2267578125 0.271875
0 0.765625 0.4 0.169140625 0.2060546875
2 0.740625 0.6 0.144140625 0.1125
2 0.3078125 0.6265625 0.0841796875 0.1095703125
2 0.7296875 0.89296875 0.1375 0.0953125
2 0.80703125 0.49453125 0.0890625 0.1125
2 0.92109375 0.1203125 0.0375 0.1998046875
2 0.18671875 0.85625 0.159375 0.11875
0 0.5703125 0.25078125 0.033984375 0.05625
2 0.2484375 0.109375 0.040234375 0.21875
2 0.04375 0.11171875 0.0498046875 0.2171875
2 0.525 0.63203125 0.05 0.1048828125
2 0.60625 0.15625 0.0158203125 0.125
2 0.83828125 0.10390625 0.0392578125 0.2078125
2 0.77421875 0.1375 0.0234375 0.121875
2 0.159375 0.5765625 0.156640625 0.121875
2 0.15234375 0.5203125 0.1451171875 0.1091796875
2 0.478125 0.14921875 0.0126953125 0.1078125
2 0.50703125 0.1109375 0.0330078125 0.221875
2 0.29375 0.14375 0.021875 0.1216796875
2 0.17578125 0.14296875 0.0294921875 0.1375
0 0.634375 0.30859375 0.044140625 0.0576171875
2 0.85390625 0.53125 0.0828125 0.0689453125
2 0.31953125 0.92578125 0.08125 0.0611328125
2 0.52578125 0.94453125 0.0451171875 0.0548828125
0 0.64140625 0.246875 0.0392578125 0.0529296875
0 0.70078125 0.24765625 0.0423828125 0.0548828125
1 0.51015625 0.35234375 0.0109375 0.025
0 0.50859375 0.31875 0.0326171875 0.0376953125
2 0.22734375 0.48125 0.071875 0.1216796875
2 0.36484375 0.6765625 0.0203125 0.046484375
0 0.55390625 0.54375 0.1080078125 0.1810546875
2 0.6 0.61953125 0.012109375 0.0955078125
2 0.69765625 0.49296875 0.028125 0.0390625
2 0.8703125 0.13125 0.027734375 0.1376953125
0 0.703125 0.29296875 0.0216796875 0.0265625
2 0.653125 0.3328125 0.0060546875 0.0189453125
2 0.61640625 0.33671875 0.0048828125 0.021875
2 0.5703125 0.32734375 0.021875 0.0205078125
2 0.56875 0.31875 0.009375 0.0126953125
2 0.57734375 0.271875 0.0107421875 0.0126953125
2 0.5765625 0.28203125 0.009375 0.0076171875
2 0.61640625 0.27890625 0.0076171875 0.025
2 0.57734375 0.32578125 0.0080078125 0.0125
0 0.27109375 0.3671875 0.1669921875 0.2158203125