0 0.79296875 0.72265625 0.2375 0.30703125
0 0.40625 0.48671875 0.29140625 0.3609375
0 0.14609375 0.6953125 0.22734375 0.271875
0 0.765625 0.4 0.1703125 0.20546875
2 0.740625 0.6 0.1453125 0.1125
2 0.3078125 0.6265625 0.08359375 0.11015625
2 0.7296875 0.89296875 0.1375 0.0953125
2 0.80703125 0.49453125 0.0890625 0.1125
2 0.92109375 0.1203125 0.0375 0.19921875
2 0.18671875 0.85625 0.159375 0.11875
0 0.5703125 0.25078125 0.0328125 0.05625
2 0.2484375 0.109375 0.0390625 0.21875
2 0.04375 0.11171875 0.04921875 0.2171875
2 0.525 0.63203125 0.05 0.10546875
2 0.60625 0.15625 0.01640625 0.125
2 0.83828125 0.10390625 0.03984375 0.2078125
2 0.77421875 0.1375 0.0234375 0.121875
2 0.159375 0.5765625 0.1578125 0.121875
2 0.15234375 0.5203125 0.14453125 0.10859375
2 0.478125 0.14921875 0.01328125 0.1078125
2 0.50703125 0.1109375 0.03359375 0.221875
2 0.29375 0.14375 0.021875 0.12109375
2 0.17578125 0.14296875 0.02890625 0.1375
0 0.634375 0.30859375 0.0453125 0.05703125
2 0.85390625 0.53125 0.0828125 0.06953125
2 0.31953125 0.92578125 0.08125 0.06171875
2 0.52578125 0.94453125 0.04453125 0.05546875
0 0.64140625 0.246875 0.03984375 0.05234375
0 0.70078125 0.24765625 0.04296875 0.05546875
1 0.51015625 0.35234375 0.0109375 0.025
0 0.50859375 0.31875 0.03203125 0.03828125
2 0.22734375 0.48125 0.071875 0.12109375
2 0.36484375 0.6765625 0.0203125 0.0453125
0 0.55390625 0.54375 0.10859375 0.18046875
2 0.6 0.61953125 0.0109375 0.09609375
2 0.69765625 0.49296875 0.028125 0.0390625
2 0.8703125 0.13125 0.0265625 0.13828125
0 0.703125 0.29296875 0.02109375 0.0265625
2 0.653125 0.3328125 0.00546875 0.01953125
2 0.61640625 0.33671875 0.00546875 0.021875
2 0.5703125 0.32734375 0.021875 0.02109375
2 0.56875 0.31875 0.009375 0.01328125
2 0.57734375 0.271875 0.01015625 0.01328125
2 0.5765625 0.28203125 0.009375 0.00703125
2 0.61640625 0.27890625 0.00703125 0.025
2 0.57734375 0.32578125 0.00859375 0.0125
0 0.27109375 0.3671875 0.16640625 0.21640625