0 0.2828125 0.8828125 0.246875 0.234375
0 0.56875 0.92890625 0.07578125 0.1421875
1 0.3328125 0.4515625 0.1171875 0.5546875
1 0.63359375 0.84453125 0.06796875 0.3109375
1 0.296875 0.6234375 0.05078125 0.284375
2 0.81328125 0.4796875 0.02734375 0.3609375
2 0.8890625 0.68125 0.0203125 0.24921875
2 0.91640625 0.628125 0.02421875 0.3234375
2 0.7609375 0.73515625 0.01875 0.13203125
2 0.43203125 0.77890625 0.02265625 0.20625
2 0.15625 0.4375 0.02890625 0.40703125
2 0.08203125 0.56796875 0.025 0.3453125
2 0.13359375 0.65 0.02578125 0.28984375
2 0.6390625 0.39765625 0.02734375 0.39921875